a<-3+5
b=4+5
a+b
